3525.8551	,	23294.6785		3897.3017	,	24163.3942
3139.2366	,	22390.4799		3525.8551	,	23294.6785
4536.5131	,	25174.1129		5004.5361	,	25560.2088
3897.3017	,	24163.3942		4536.5131	,	25174.1129
3012.8004	,	21756.2862		3139.2366	,	22390.4799
28.5585	,	13622.3771		-208.0336	,	13532.2375
94.5641	,	13900.3933		28.5585	,	13622.3771
2954.8183	,	21465.4522		3012.8004	,	21756.2862
-193.0317	,	13975.7875		-228.2523	,	12934.4495
5962.4638	,	20134.6776		5851.0320	,	19213.3161
5977.6269	,	22194.2084		5962.4638	,	20134.6776
-3210.9613	,	22204.5045		-3636.0874	,	22812.9093
-2729.4988	,	21366.7065		-3210.9613	,	22204.5045
5989.2209	,	23768.9720		5977.6269	,	22194.2084
5465.1301	,	25753.2568		5769.6827	,	25629.2480
5004.5361	,	25560.2088		5465.1301	,	25753.2568
5851.4347	,	24936.5154		5989.2209	,	23768.9720
5769.6827	,	25629.2480		5851.4347	,	24936.5154
166.4208	,	14203.0545		94.5641	,	13900.3933
-632.8707	,	14275.2488		-769.3141	,	14307.3358
-539.3625	,	14227.6376		-632.8707	,	14275.2488
-926.9421	,	14344.4048		-928.7966	,	14481.5599
-769.3141	,	14307.3358		-926.9421	,	14344.4048
-537.5080	,	14129.4049		-539.3625	,	14227.6376
-312.7621	,	13588.4644		-469.8078	,	13724.3276
-208.0336	,	13532.2375		-312.7621	,	13588.4644
-493.6668	,	13867.0851		-537.5080	,	14129.4049
-469.8078	,	13724.3276		-493.6668	,	13867.0851
688.6148	,	14475.2743		627.3238	,	14300.9251
584.8916	,	14593.0777		688.6148	,	14475.2743
302.0104	,	14272.6523		166.4208	,	14203.0545
627.3238	,	14300.9251		302.0104	,	14272.6523
259.5783	,	14668.4720		584.8916	,	14593.0777
-808.2575	,	14596.4735		-621.9144	,	14651.1971
-928.7966	,	14481.5599		-808.2575	,	14596.4735
-221.3198	,	14659.0477		259.5783	,	14668.4720
-621.9144	,	14651.1971		-221.3198	,	14659.0477
2826.9015	,	22765.7205		2470.3730	,	22018.6740
3480.4555	,	24068.2261		2826.9015	,	22765.7205
-1830.5426	,	21732.0091		-2541.6350	,	22163.9832
2470.3730	,	22018.6740		2147.1805	,	21671.9555
4151.3118	,	25045.2004		3480.4555	,	24068.2261
5683.6786	,	25915.9897		5394.7181	,	25959.7479
5951.9493	,	25622.8967		5683.6786	,	25915.9897
4930.6299	,	25797.8424		4151.3118	,	25045.2004
5394.7181	,	25959.7479		4930.6299	,	25797.8424
-5842.8037	,	25200.4356		-6053.4445	,	25074.1194
-5636.3757	,	25154.1196		-5842.8037	,	25200.4356
-6234.7521	,	24475.5668		-6224.5052	,	23225.1634
-6053.4445	,	25074.1194		-6234.7521	,	24475.5668
-5341.4786	,	24985.6980		-5636.3757	,	25154.1196
-2888.0017	,	22557.5021		-3698.4713	,	23449.2177
-2541.6350	,	22163.9832		-2888.0017	,	22557.5021
-4504.9584	,	24336.5517		-5341.4786	,	24985.6980
-3698.4713	,	23449.2177		-4504.9584	,	24336.5517
6135.8333	,	24935.8922		5951.9493	,	25622.8967
-6006.0306	,	24299.8416		-6015.2614	,	23717.3822
-5999.3075	,	24724.0672		-6006.0306	,	24299.8416
-6035.9547	,	22411.6432		-5884.0345	,	21673.3728
-6015.2614	,	23717.3822		-6035.9547	,	22411.6432
-5789.0209	,	24942.7971		-5999.3075	,	24724.0672
-3998.9599	,	23470.8186		-4687.0109	,	24082.0890
-3636.0874	,	22812.9093		-3998.9599	,	23470.8186
-5343.8380	,	24665.6199		-5789.0209	,	24942.7971
-4687.0109	,	24082.0890		-5343.8380	,	24665.6199
6270.2744	,	22851.9171		6229.7906	,	23880.5885
6232.2778	,	20963.5625		6270.2744	,	22851.9171
6181.8271	,	24761.7135		6135.8333	,	24935.8922
6229.7906	,	23880.5885		6181.8271	,	24761.7135
6074.4519	,	19385.7252		6232.2778	,	20963.5625
-5577.4054	,	20183.2809		-5373.0593	,	19563.2794
-5884.0345	,	21673.3728		-5577.4054	,	20183.2809
6037.9193	,	19020.4971		6074.4519	,	19385.7252
-5373.0593	,	19563.2794		-5031.8754	,	19200.5672
1350.1218	,	15855.2167		688.6148	,	14475.2743
2166.6942	,	17647.7073		2166.6942	,	17647.7073
-2924.8324	,	17333.0066		-2693.0776	,	17647.1343
2310.3117	,	17617.0921		2433.0305	,	17560.4832
2166.6942	,	17647.7073		2310.3117	,	17617.0921
-2893.0852	,	17050.6091		-2924.8324	,	17333.0066
-2366.0814	,	16774.5575		-2566.0888	,	16758.6925
-2172.4233	,	16914.1698		-2366.0814	,	16774.5575
-2724.8249	,	16825.3257		-2893.0852	,	17050.6091
-2566.0888	,	16758.6925		-2724.8249	,	16825.3257
2785.4538	,	17793.2085		2870.4130	,	17601.3674
2737.6090	,	17901.2441		2785.4538	,	17793.2085
2914.4660	,	17126.4819		2738.2543	,	16827.7129
2870.4130	,	17601.3674		2914.4660	,	17126.4819
2639.1403	,	17982.7928		2737.6090	,	17901.2441
2511.6965	,	17374.9319		2426.7372	,	17242.8446
2433.0305	,	17560.4832		2511.6965	,	17374.9319
2322.2892	,	17963.7157		2201.1027	,	17785.2672
2426.7372	,	17242.8446		2179.0340	,	17076.2479
-2108.9289	,	17225.1245		-2172.4233	,	16914.1698
-8568.2316	,	10582.5330		-7554.3529	,	9603.7521
-9282.7728	,	10721.5075		-8568.2316	,	10582.5330
-2733.4353	,	17592.4322		-2657.0626	,	17536.0866
-12034.7620	,	10541.4560		-7554.3529	,	11695.4501
-9794.5575	,	11118.4530		-9282.7728	,	10721.5075
-11945.7372	,	10182.2835		-12034.7620	,	10541.4560
7412.4548	,	0.0000		-7412.4548	,	0.0000
-8183.9044	,	11533.3000		-7554.3529	,	11547.2446
-11897.4864	,	10194.2429		-9400.8226	,	10813.0681
-2423.2263	,	17612.2312		-2261.0525	,	17550.1785
-2605.6767	,	17682.0423		-2423.2263	,	17612.2312
-2200.9958	,	17421.8508		-2108.9289	,	17225.1245
-2261.0525	,	17550.1785		-2200.9958	,	17421.8508
-2693.0776	,	17647.1343		-2605.6767	,	17682.0423
-2610.5350	,	17437.7158		-2527.9922	,	17263.2005
-2657.0626	,	17536.0866		-2610.5350	,	17437.7158
-2588.3119	,	17114.0692		-2858.8982	,	17004.8362
-2527.9922	,	17263.2005		-2588.3119	,	17114.0692
1666.3777	,	16591.2456		2028.8242	,	16387.2893
1581.0960	,	16761.7166		1666.3777	,	16591.2456
2535.1897	,	16290.6771		3115.9492	,	16422.2448
2028.8242	,	16387.2893		2535.1897	,	16290.6771
1499.9450	,	16949.8870		1581.0960	,	16761.7166
-1581.1103	,	17387.2637		-1304.6510	,	16403.6190
-1907.3810	,	17767.7072		-1581.1103	,	17387.2637
-1194.6252	,	15193.9884		-926.9421	,	14344.4048
-1304.6510	,	16403.6190		-1194.6252	,	15193.9884
2171.2469	,	17954.6217		1566.6031	,	17436.9188
2813.9542	,	17993.3181		2171.2469	,	17954.6217
1474.3354	,	16762.7730		1350.1218	,	15855.2167
1566.6031	,	17436.9188		1474.3354	,	16762.7730
3301.7922	,	17869.4897		2813.9542	,	17993.3181
3479.8919	,	16654.4231		3634.7610	,	17103.3012
3115.9492	,	16422.2448		3479.8919	,	16654.4231
3627.0176	,	17590.8756		3301.7922	,	17869.4897
3634.7610	,	17103.3012		3627.0176	,	17590.8756
-2258.3690	,	17915.9318		-1907.3810	,	17767.7072
-1487.4589	,	16359.3264		-1679.9802	,	16290.4009
-1306.4969	,	16410.1869		-1487.4589	,	16359.3264
-2011.1943	,	16171.8212		-2485.7698	,	16127.3538
-1679.9802	,	16290.4009		-2011.1943	,	16171.8212
2132.2856	,	17510.1473		2201.1027	,	17785.2672
2445.6171	,	16749.0895		2237.9390	,	16940.9306
2738.2543	,	16827.7129		2445.6171	,	16749.0895
2120.1291	,	17211.5651		2132.2856	,	17510.1473
2237.9390	,	16940.9306		2120.1291	,	17211.5651
-3528.8472	,	17743.0030		-3148.1981	,	17906.0502
-3647.4910	,	17367.5004		-3528.8472	,	17743.0030
-2713.1705	,	17960.3992		-2258.3690	,	17915.9318
-3148.1981	,	17906.0502		-2713.1705	,	17960.3992
-3568.3951	,	16922.8263		-3647.4910	,	17367.5004
-2856.5320	,	16211.3477		-3232.2375	,	16379.3357
-2485.7698	,	16127.3538		-2856.5320	,	16211.3477
-3524.4361	,	16675.6905		-3568.3951	,	16922.8263
-3232.2375	,	16379.3357		-3524.4361	,	16675.6905
-6224.5052	,	23225.1634		-6156.2796	,	22001.1579
-5437.3741	,	18436.3259		-5031.8754	,	19200.5672
-5886.8967	,	17589.1128		-5437.3741	,	18436.3259
-3941.6317	,	20545.1976		-2898.9211	,	21297.8595
-5031.8754	,	19200.5672		-3941.6317	,	20545.1976
-6044.8796	,	16839.5968		-5886.8967	,	17589.1128
-5702.6028	,	13539.0274		-6099.2776	,	15580.1320
-5446.0809	,	12946.2902		-5702.6028	,	13539.0274
-6110.6130	,	16357.3958		-6044.8796	,	16839.5968
-6099.2776	,	15580.1320		-6110.6130	,	16357.3958
2847.7270	,	21476.7458		3081.0186	,	21452.1435
2147.1805	,	21671.9555		2847.7270	,	21476.7458
3597.1016	,	21284.6174		4290.3381	,	20823.5455
3081.0186	,	21452.1435		3597.1016	,	21284.6174
1420.8079	,	21911.6430		2147.1805	,	21671.9555
-1830.5426	,	21732.0091		-966.9387	,	21987.2696
-2898.9211	,	21297.8595		-1830.5426	,	21732.0091
139.1117	,	22018.3933		1420.8079	,	21911.6430
-966.9387	,	21987.2696		139.1117	,	22018.3933
-5325.6250	,	12333.7347		-5446.0809	,	12946.2902
-2319.8642	,	12645.7151		-2074.2149	,	12522.4517
-2427.4710	,	12751.0257		-2319.8642	,	12645.7151
-1858.3465	,	12414.1320		-2176.1963	,	12335.1876
-2074.2149	,	12522.4517		-1858.3465	,	12414.1320
-2448.0114	,	12771.1279		-2427.4710	,	12751.0257
-1184.7506	,	12444.1567		-1609.1966	,	12400.7898
-547.5114	,	12740.8704		-1184.7506	,	12444.1567
-2468.3604	,	12785.2024		-2448.0114	,	12771.1279
-1609.1966	,	12400.7898		-1858.3465	,	12414.1320
-5325.6250	,	12333.7347		-6232.9009	,	12056.8623
-4496.3625	,	12452.5305		-5325.6250	,	12333.7347
-7008.5509	,	11803.3276		-7554.3529	,	11695.4501
-6232.9009	,	12056.8623		-7008.5509	,	11803.3276
-2468.3604	,	12785.2024		-4496.3625	,	12452.5305
-4916.4886	,	11902.7352		-5858.9419	,	11726.4355
-2176.1963	,	12335.1876		-4916.4886	,	11902.7352
-6371.4218	,	11563.9379		-6506.6364	,	11432.3571
-5858.9419	,	11726.4355		-6371.4218	,	11563.9379
2056.7749	,	7816.7579		611.4942	,	7521.9505
3304.6387	,	8143.8287		2056.7749	,	7816.7579
-845.7747	,	7224.6979		-2290.7234	,	7264.7975
611.4942	,	7521.9505		-845.7747	,	7224.6979
4232.8357	,	8410.3444		3304.6387	,	8143.8287
795.2444	,	8630.0828		1879.2517	,	8512.8038
-582.0645	,	8774.3016		795.2444	,	8630.0828
3889.4241	,	8463.0805		4232.8357	,	8410.3444
1879.2517	,	8512.8038		3889.4241	,	8463.0805
-6928.6617	,	4299.4099		-7208.2190	,	2268.3723
-6316.5762	,	6433.4381		-6928.6617	,	4299.4099
-7367.1499	,	1122.3806		-7412.4548	,	0.0000
-7208.2190	,	2268.3723		-7367.1499	,	1122.3806
-5890.9129	,	7917.5075		-6316.5762	,	6433.4381
-4607.4782	,	7786.6484		-5824.7964	,	8282.6547
-2290.7234	,	7264.7975		-4607.4782	,	7786.6484
-5824.7964	,	8282.6547		-5890.9129	,	7917.5075
-7554.3529	,	9603.7521		-5824.7964	,	8282.6547
-4724.8152	,	10655.9653		-582.0645	,	8774.3016
6551.6037	,	14982.3604		6387.3417	,	13851.4463
6545.7027	,	17469.7651		6551.6037	,	14982.3604
6029.8375	,	12811.0852		6013.9774	,	12748.7826
6387.3417	,	13851.4463		6173.3731	,	13259.8349
6071.9822	,	18614.8886		6545.7027	,	17469.7651
4580.8488	,	20523.8141		5097.9764	,	19990.2732
4290.3381	,	20823.5455		4580.8488	,	20523.8141
5931.3372	,	19130.4620		6071.9822	,	18614.8886
5097.9764	,	19990.2732		5931.3372	,	19130.4620
7368.2304	,	2394.8029		7412.4548	,	0.0000
6881.6498	,	5158.2876		7368.2304	,	2394.8029
-6506.6364	,	11432.3571		-4724.8152	,	10655.9653
-7554.3529	,	11547.2446		-6506.6364	,	11432.3571
5835.6909	,	7826.3426		6881.6498	,	5158.2876
5914.3432	,	12468.6125		5581.0983	,	11438.1931
6013.9774	,	12748.7826		5914.3432	,	12468.6125
5634.4803	,	9986.6078		5835.6909	,	7826.3426
5581.0983	,	11438.1931		5634.4803	,	9986.6078
-228.2523	,	12934.4495		-547.5114	,	12740.8704
13046.0269	,	14266.0661		13023.3029	,	14509.9521
12838.3788	,	14009.2591		13046.0269	,	14266.0661
8295.4662	,	13411.8090		8624.6760	,	13436.8921
7863.9988	,	13245.4778		8295.4662	,	13411.8090
13036.4256	,	13598.0861		12838.3788	,	14009.2591
13003.8330	,	13067.8560		13008.7623	,	13270.6928
13052.0398	,	12937.7683		13003.8330	,	13067.8560
13069.0207	,	13429.6889		13036.4256	,	13598.0861
13008.7623	,	13270.6928		13069.0207	,	13429.6889
12318.5943	,	13966.1881		12822.5495	,	14386.1146
11832.8379	,	13697.2734		12318.5943	,	13966.1881
13023.3029	,	14509.9521		13002.4294	,	14697.7131
12822.5495	,	14386.1146		13023.3029	,	14509.9521
11160.7058	,	13428.4637		11832.8379	,	13697.2734
9259.2181	,	13437.1126		9683.2023	,	13365.0698
8624.6760	,	13436.8921		9259.2181	,	13437.1126
10530.1550	,	13342.6955		11160.7058	,	13428.4637
9683.2023	,	13365.0698		10530.1550	,	13342.6955
13006.1119	,	12773.5692		13052.0398	,	12937.7683
13499.4266	,	13151.4294		13458.9659	,	13484.1664
13451.2654	,	12829.6827		13499.4266	,	13151.4294
13403.2002	,	13651.3734		13244.5222	,	13920.3787
13458.9659	,	13484.1664		13403.2002	,	13651.3734
13316.8044	,	12611.1593		13451.2654	,	12829.6827
-5765.4104	,	19790.1970		-5234.6248	,	18818.4466
-6156.2796	,	22001.1579		-5765.4104	,	19790.1970
13177.9968	,	12395.0739		13316.8044	,	12611.1593
12491.0407	,	14109.8811		12838.3788	,	14009.2591
13177.9968	,	12395.0739		13121.5222	,	12425.4014
13199.9260	,	12114.8452		13177.9968	,	12395.0739
13018.1636	,	12636.2542		13006.1119	,	12773.5692
13121.5222	,	12425.4014		13018.1636	,	12636.2542
13141.9703	,	11903.4995		13199.9260	,	12114.8452
13018.1636	,	12636.2542		12572.9653	,	12258.1427
13244.5222	,	13920.3787		13046.0269	,	14266.0661
12972.6624	,	11766.9322		13141.9703	,	11903.4995
12826.4888	,	11739.7724		12972.6624	,	11766.9322
11233.6774	,	10968.5109		10148.1180	,	10957.7971
12003.2743	,	11133.0798		11233.6774	,	10968.5109
9442.9525	,	11086.5902		8686.6212	,	11462.7893
10148.1180	,	10957.7971		9442.9525	,	11086.5902
12619.7755	,	11480.7930		12003.2743	,	11133.0798
12850.2259	,	12160.9740		12965.4511	,	12045.8111
12572.9653	,	12258.1427		12850.2259	,	12160.9740
12875.4314	,	11801.0899		12619.7755	,	11480.7930
12965.4511	,	12045.8111		12875.4314	,	11801.0899
1823.0686	,	12699.3843		1061.9540	,	12589.7762
2124.3779	,	12853.3797		1823.0686	,	12699.3843
308.6807	,	12695.8619		-228.2523	,	12934.4495
1061.9540	,	12589.7762		308.6807	,	12695.8619
2379.9122	,	13306.7099		2124.3779	,	12853.3797
8061.7439	,	12153.6521		7823.2203	,	12820.4763
8686.6212	,	11462.7893		8061.7439	,	12153.6521
7863.9988	,	13245.4778		2379.9122	,	13306.7099
7823.2203	,	12820.4763		2124.3779	,	12853.3797
12346.1157	,	12452.4802		12572.9653	,	12258.1427
8472.1805	,	14395.4393		8032.6633	,	13761.6463
9217.8697	,	14841.0951		8472.1805	,	14395.4393
7823.2203	,	12820.4763		8172.4158	,	12688.3409
8032.6633	,	13761.6463		7863.9988	,	13245.4778
10213.0953	,	15083.8533		9217.8697	,	14841.0951
12724.9303	,	14895.5828		12183.7200	,	15067.9689
13002.4294	,	14697.7131		12724.9303	,	14895.5828
11274.0561	,	15165.8723		10213.0953	,	15083.8533
12183.7200	,	15067.9689		11274.0561	,	15165.8723
10988.5367	,	12985.2380		11319.0089	,	12881.9116
10195.5634	,	13015.0688		10988.5367	,	12985.2380
11978.8354	,	12675.6084		12346.1157	,	12452.4802
11319.0089	,	12881.9116		11978.8354	,	12675.6084
9766.8407	,	13031.1968		10195.5634	,	13015.0688
8581.3034	,	12687.5550		8937.7814	,	12741.5376
8172.4158	,	12688.3409		8581.3034	,	12687.5550
9341.0696	,	12914.2820		9766.8407	,	13031.1968
8937.7814	,	12741.5376		9341.0696	,	12914.2820
