9500.0000	,	-4487.4852
9500.0000	,	-4487.4852
9000.0000	,	-6303.2101
9000.0000	,	-6303.2101
8500.0000	,	616.6491
8500.0000	,	616.6491
80000.0000	,	0.0000
8000.0000	,	4914.9784
8000.0000	,	4914.9784
79000.0000	,	0.0000
79000.0000	,	0.0000
78000.0000	,	0.0000
78000.0000	,	0.0000
77000.0000	,	0.0000
77000.0000	,	0.0000
76000.0000	,	293.6046
76000.0000	,	293.6046
75000.0000	,	1298.5956
75000.0000	,	1298.5956
7500.0000	,	9639.5899
7500.0000	,	9639.5899
74000.0000	,	2695.4737
74000.0000	,	2695.4737
73000.0000	,	3789.5557
73000.0000	,	3789.5557
72000.0000	,	4566.1130
72000.0000	,	4566.1130
71000.0000	,	4825.1750
71000.0000	,	4825.1750
70000.0000	,	4571.6388
70000.0000	,	4571.6388
7000.0000	,	14155.6878
7000.0000	,	14155.6878
69000.0000	,	4020.2272
69000.0000	,	4020.2272
68000.0000	,	3273.1009
68000.0000	,	3273.1009
67000.0000	,	1967.7525
67000.0000	,	1967.7525
66000.0000	,	662.4041
66000.0000	,	662.4041
65000.0000	,	0.0000
65000.0000	,	0.0000
6500.0000	,	18468.6929
6500.0000	,	18468.6929
64000.0000	,	0.0000
64000.0000	,	0.0000
63000.0000	,	0.0000
63000.0000	,	0.0000
62000.0000	,	0.0000
62000.0000	,	0.0000
61000.0000	,	0.0000
61000.0000	,	0.0000
60000.0000	,	0.0000
60000.0000	,	0.0000
6000.0000	,	21481.1033
6000.0000	,	21481.1033
59000.0000	,	0.0000
59000.0000	,	0.0000
58000.0000	,	0.0000
58000.0000	,	0.0000
57000.0000	,	0.0000
57000.0000	,	0.0000
56000.0000	,	0.0000
56000.0000	,	0.0000
55000.0000	,	0.0000
55000.0000	,	0.0000
5500.0000	,	24028.1037
5500.0000	,	24028.1037
54000.0000	,	0.0000
54000.0000	,	0.0000
53000.0000	,	0.0000
53000.0000	,	0.0000
52000.0000	,	0.0000
52000.0000	,	0.0000
51000.0000	,	0.0000
51000.0000	,	0.0000
50000.0000	,	0.0000
50000.0000	,	0.0000
5000.0000	,	19885.4480
5000.0000	,	19885.4480
500.0000	,	-1606.3116
500.0000	,	-1606.3116
49000.0000	,	0.0000
49000.0000	,	0.0000
48000.0000	,	0.0000
48000.0000	,	0.0000
47000.0000	,	0.0000
47000.0000	,	0.0000
46000.0000	,	0.0000
46000.0000	,	0.0000
45000.0000	,	0.0000
45000.0000	,	0.0000
4500.0000	,	16330.4035
4500.0000	,	16330.4035
44000.0000	,	1175.0395
44000.0000	,	1175.0395
43000.0000	,	2151.8235
43000.0000	,	2151.8235
42000.0000	,	2445.3143
42000.0000	,	2445.3143
41000.0000	,	2349.4887
41000.0000	,	2349.4887
40000.0000	,	1984.1523
40000.0000	,	1984.1523
4000.0000	,	12255.6327
4000.0000	,	12255.6327
39000.0000	,	1288.4995
39000.0000	,	1288.4995
38000.0000	,	485.1215
38000.0000	,	485.1215
37000.0000	,	0.0000
37000.0000	,	0.0000
36000.0000	,	408.0235
36000.0000	,	408.0235
35000.0000	,	1994.6012
35000.0000	,	1994.6012
3500.0000	,	8222.9820
3500.0000	,	8222.9820
34000.0000	,	3779.7130
34000.0000	,	3779.7130
33000.0000	,	5134.8717
33000.0000	,	5134.8717
32000.0000	,	6490.0303
32000.0000	,	6490.0303
31000.0000	,	7740.4901
31000.0000	,	7740.4901
30000.0000	,	8527.8829
30000.0000	,	8527.8829
3000.0000	,	3407.2846
3000.0000	,	3407.2846
29000.0000	,	9225.7468
29000.0000	,	9225.7468
28000.0000	,	9785.3986
28000.0000	,	9785.3986
27000.0000	,	10088.2555
27000.0000	,	10088.2555
26000.0000	,	9957.8083
26000.0000	,	9957.8083
25000.0000	,	9624.8043
25000.0000	,	9624.8043
2500.0000	,	-1530.7378
2500.0000	,	-1530.7378
24000.0000	,	8943.6579
24000.0000	,	8943.6579
23000.0000	,	7868.9611
23000.0000	,	7868.9611
22000.0000	,	6592.2484
22000.0000	,	6592.2484
21000.0000	,	4942.3608
21000.0000	,	4942.3608
20000.0000	,	3004.8785
20000.0000	,	3004.8785
1922.3533	,	-5309.7169
1922.3533	,	-5309.7169
19000.0000	,	1627.9045
19000.0000	,	1627.9045
18000.0000	,	813.9523
18000.0000	,	813.9523
17000.0000	,	0.0000
17000.0000	,	0.0000
16000.0000	,	0.0000
16000.0000	,	0.0000
15000.0000	,	0.0000
15000.0000	,	0.0000
1500.0000	,	-4229.7863
1500.0000	,	-4229.7863
14000.0000	,	0.0000
14000.0000	,	0.0000
13000.0000	,	0.0000
13000.0000	,	0.0000
12000.0000	,	0.0000
12000.0000	,	0.0000
11000.0000	,	0.0000
11000.0000	,	0.0000
10500.0000	,	0.0000
10500.0000	,	0.0000
10000.0000	,	-2074.2328
10000.0000	,	-2074.2328
1000.0000	,	-2715.7024
1000.0000	,	-2715.7024
0.0000	,	0.0000